
 FERNET: 0.0970010757446289

RSA: 3.914012908935547
